# unix_time, cycles_done, cur_path, paths_total, pending_total, pending_favs, map_size, unique_crashes, unique_hangs, max_depth, execs_per_sec
1775428717, 0, 0, 45, 45, 32, 4.14%, 0, 0, 1, 35.91
1775428723, 0, 0, 70, 70, 32, 4.53%, 0, 0, 2, 88.26
1775428728, 0, 0, 103, 103, 32, 4.68%, 0, 0, 2, 81.66
1775428733, 0, 0, 125, 125, 32, 4.68%, 0, 0, 2, 63.59
1775428738, 0, 0, 132, 132, 32, 4.69%, 0, 0, 2, 55.29
1775428743, 0, 0, 136, 136, 32, 4.74%, 0, 0, 2, 94.15
1775428748, 0, 0, 141, 141, 32, 4.74%, 0, 0, 2, 70.40
1775428759, 0, 0, 144, 144, 32, 4.75%, 0, 0, 2, 103.85
1775428764, 0, 0, 146, 146, 32, 4.75%, 0, 0, 2, 66.88
1775428785, 0, 0, 147, 147, 32, 4.75%, 0, 0, 2, 145.37
1775428815, 0, 0, 148, 148, 32, 4.75%, 0, 0, 2, 10.63
1775428821, 0, 0, 153, 153, 32, 4.75%, 0, 0, 2, 45.50
1775428826, 0, 0, 154, 154, 32, 4.75%, 0, 0, 2, 54.84
1775428836, 0, 0, 155, 155, 32, 4.75%, 0, 0, 2, 52.97
1775428841, 0, 0, 156, 156, 32, 4.75%, 0, 0, 2, 51.75
1775428923, 0, 0, 157, 157, 32, 4.75%, 0, 0, 2, 82.91
1775428934, 0, 0, 158, 158, 32, 4.75%, 0, 0, 2, 117.03
1775428944, 0, 0, 162, 162, 32, 4.75%, 0, 0, 2, 95.31
1775428949, 0, 0, 163, 163, 32, 4.75%, 0, 0, 2, 66.84
1775428954, 0, 0, 165, 165, 32, 4.75%, 0, 0, 2, 56.95
1775429031, 0, 0, 168, 168, 32, 4.76%, 0, 0, 2, 120.54
1775429037, 0, 0, 169, 169, 32, 4.76%, 0, 0, 2, 82.90
1775429047, 0, 0, 173, 173, 32, 4.77%, 0, 0, 2, 92.02
1775429052, 0, 0, 174, 174, 32, 4.77%, 0, 0, 2, 132.79
1775429057, 0, 0, 177, 177, 32, 4.77%, 0, 0, 2, 142.94
1775429062, 0, 0, 178, 178, 32, 4.77%, 0, 0, 2, 158.62
1775429078, 0, 0, 179, 179, 32, 4.77%, 0, 0, 2, 153.43
1775429088, 0, 1, 180, 179, 76, 4.77%, 0, 0, 2, 74.33
1775429093, 0, 1, 185, 184, 76, 4.79%, 0, 0, 2, 79.39
1775429099, 0, 1, 200, 199, 76, 4.79%, 0, 0, 2, 79.01
1775429104, 0, 1, 215, 214, 76, 4.79%, 0, 0, 2, 53.16
1775429109, 0, 1, 227, 226, 76, 4.79%, 0, 0, 2, 43.15
1775429114, 0, 1, 240, 239, 76, 4.79%, 0, 0, 2, 45.52
1775429119, 0, 1, 242, 241, 76, 4.79%, 0, 0, 2, 45.57
1775429124, 0, 1, 243, 242, 76, 4.79%, 0, 0, 2, 18.95
1775429129, 0, 1, 244, 243, 76, 4.80%, 0, 0, 2, 113.56
1775429135, 0, 1, 248, 247, 76, 4.80%, 0, 0, 2, 66.89
1775429140, 0, 1, 249, 248, 76, 4.80%, 0, 0, 2, 34.43
1775429145, 0, 1, 250, 249, 76, 4.80%, 0, 0, 2, 41.46
1775429166, 0, 1, 251, 250, 76, 4.80%, 0, 0, 2, 51.35
1775429279, 0, 1, 254, 253, 76, 4.80%, 0, 0, 2, 50.00
1775429300, 0, 1, 255, 254, 76, 4.80%, 0, 0, 2, 46.18
1775429311, 0, 1, 257, 256, 76, 4.80%, 0, 0, 2, 47.02
1775429373, 0, 1, 258, 257, 76, 4.80%, 0, 0, 2, 93.05
1775429388, 0, 1, 259, 258, 76, 4.80%, 0, 0, 2, 47.16
1775429466, 0, 1, 260, 259, 76, 4.80%, 0, 0, 2, 17.71
1775429476, 0, 1, 261, 260, 76, 4.80%, 0, 0, 2, 45.63
1775429487, 0, 1, 262, 261, 76, 4.80%, 0, 0, 2, 47.73
1775429492, 0, 1, 263, 262, 76, 4.80%, 0, 0, 2, 45.12
1775429631, 0, 1, 265, 264, 76, 4.81%, 0, 0, 2, 127.41
1775429636, 0, 1, 266, 265, 76, 4.83%, 0, 0, 2, 108.06
1775429642, 0, 1, 269, 268, 76, 4.84%, 0, 0, 2, 138.31
1775429647, 0, 1, 270, 269, 76, 4.84%, 0, 0, 2, 77.97
1775429672, 0, 1, 271, 270, 76, 4.84%, 0, 0, 2, 44.24
1775429677, 0, 2, 271, 269, 84, 4.84%, 0, 0, 2, 22.76
1775429687, 0, 2, 273, 271, 84, 4.85%, 0, 0, 2, 132.56
1775429692, 0, 2, 286, 284, 84, 4.85%, 0, 0, 2, 73.04
1775429698, 0, 2, 301, 299, 84, 4.85%, 0, 0, 2, 54.26
1775429703, 0, 2, 309, 307, 84, 4.85%, 0, 0, 2, 50.01
1775429708, 0, 2, 319, 317, 84, 4.86%, 0, 0, 2, 43.98
1775429713, 0, 2, 326, 324, 84, 4.86%, 0, 0, 2, 44.64
1775429718, 0, 2, 327, 325, 84, 4.86%, 0, 0, 2, 45.14
1775429723, 0, 2, 328, 326, 84, 4.86%, 0, 0, 2, 41.54
1775429739, 0, 2, 330, 328, 84, 4.86%, 0, 0, 2, 120.08
1775429744, 0, 2, 331, 329, 84, 4.86%, 0, 0, 2, 70.04
1775429749, 0, 2, 333, 331, 84, 4.86%, 0, 0, 2, 55.41
1775429754, 0, 2, 336, 334, 84, 4.87%, 0, 0, 2, 46.68
1775429801, 0, 2, 337, 335, 84, 4.87%, 0, 0, 2, 44.97
1775429997, 0, 2, 339, 337, 84, 4.87%, 0, 0, 2, 70.32
1775430033, 0, 2, 340, 338, 84, 4.87%, 0, 0, 2, 54.99
1775430183, 0, 2, 341, 339, 84, 4.87%, 0, 0, 2, 74.82
1775430209, 0, 2, 343, 341, 84, 4.87%, 0, 0, 2, 109.74
1775430214, 0, 2, 344, 342, 84, 4.87%, 0, 0, 2, 90.31
1775430261, 0, 2, 345, 343, 84, 4.87%, 0, 0, 2, 68.47
1775430287, 0, 2, 346, 344, 84, 4.87%, 0, 0, 2, 129.97
1775430494, 0, 2, 347, 345, 84, 4.87%, 0, 0, 2, 70.04
1775430520, 0, 2, 348, 346, 84, 4.87%, 0, 0, 2, 67.45
1775430536, 0, 2, 351, 349, 84, 4.88%, 0, 0, 2, 98.40
1775430541, 0, 2, 352, 350, 84, 4.88%, 0, 0, 2, 158.40
1775430551, 0, 3, 352, 349, 89, 4.88%, 0, 0, 2, 147.16
1775430562, 0, 3, 353, 350, 89, 4.88%, 0, 0, 2, 158.22
1775430593, 0, 3, 356, 353, 89, 4.88%, 0, 0, 2, 156.50
1775430603, 0, 3, 364, 361, 89, 4.89%, 0, 0, 2, 78.94
1775430608, 0, 3, 373, 370, 89, 4.89%, 0, 0, 2, 66.63
1775430614, 0, 3, 379, 376, 89, 4.89%, 0, 0, 2, 67.35
1775430619, 0, 3, 381, 378, 89, 4.89%, 0, 0, 2, 66.42
1775430624, 0, 3, 384, 381, 89, 4.89%, 0, 0, 2, 65.91
1775430634, 0, 3, 387, 384, 89, 4.89%, 0, 0, 2, 66.51
1775430640, 0, 3, 388, 385, 89, 4.89%, 0, 0, 2, 65.95
1775430645, 0, 3, 390, 387, 89, 4.89%, 0, 0, 2, 65.86
1775430650, 0, 3, 391, 388, 89, 4.89%, 0, 0, 2, 56.27
1775430655, 0, 3, 392, 389, 89, 4.89%, 0, 0, 2, 30.90
1775430675, 0, 3, 394, 391, 89, 4.89%, 0, 0, 2, 57.08
1775430796, 0, 3, 395, 392, 89, 4.89%, 0, 0, 2, 62.78
1775430816, 0, 3, 396, 393, 89, 4.89%, 0, 0, 2, 144.76
1775430858, 0, 3, 398, 395, 89, 4.89%, 0, 0, 2, 78.84
1775430879, 0, 3, 399, 396, 89, 4.89%, 0, 0, 2, 65.61
1775430915, 0, 3, 400, 397, 89, 4.89%, 0, 0, 2, 63.21
1775431287, 0, 3, 401, 398, 89, 4.89%, 0, 0, 2, 69.41
1775431366, 0, 3, 402, 399, 89, 4.89%, 0, 0, 2, 66.48
1775431381, 0, 3, 403, 400, 89, 4.89%, 0, 0, 2, 59.54
1775431689, 0, 3, 404, 401, 89, 4.89%, 0, 0, 2, 59.40
1775431694, 0, 3, 406, 403, 89, 4.89%, 0, 0, 2, 61.13
1775432860, 0, 3, 407, 404, 89, 4.89%, 0, 0, 2, 82.19
1775432891, 0, 3, 408, 405, 89, 4.89%, 0, 0, 2, 62.88
1775433118, 0, 3, 409, 406, 89, 4.89%, 0, 0, 2, 53.85
1775433242, 0, 3, 410, 407, 89, 4.89%, 0, 0, 2, 54.69
1775433362, 0, 3, 411, 408, 89, 4.89%, 0, 0, 2, 174.41
1775433661, 0, 3, 412, 409, 89, 4.89%, 0, 0, 2, 42.24
1775434170, 0, 5, 412, 408, 90, 4.89%, 0, 0, 2, 105.45
1775434221, 0, 5, 414, 410, 90, 4.90%, 0, 0, 2, 21.62
1775434227, 0, 5, 420, 416, 90, 4.90%, 0, 0, 2, 118.55
1775434242, 0, 5, 421, 417, 90, 4.90%, 0, 0, 2, 61.22
1775434247, 0, 5, 435, 431, 90, 4.90%, 0, 0, 2, 42.57
1775434253, 0, 5, 440, 436, 90, 4.90%, 0, 0, 2, 38.20
1775434258, 0, 5, 445, 441, 90, 4.91%, 0, 0, 2, 39.18
1775434263, 0, 5, 448, 444, 90, 4.91%, 0, 0, 2, 31.86
1775434268, 0, 5, 452, 448, 90, 4.91%, 0, 0, 2, 31.50
1775434273, 0, 5, 453, 449, 90, 4.91%, 0, 0, 2, 34.66
1775434278, 0, 5, 456, 452, 90, 4.91%, 0, 0, 2, 38.79
1775434283, 0, 5, 457, 453, 90, 4.91%, 0, 0, 2, 3.97
1775434289, 0, 5, 460, 456, 90, 4.91%, 0, 0, 2, 31.02
1775434294, 0, 5, 462, 458, 90, 4.91%, 0, 0, 2, 34.60
1775434299, 0, 5, 465, 461, 90, 4.91%, 0, 0, 2, 39.89
1775434304, 0, 5, 466, 462, 90, 4.91%, 0, 0, 2, 40.33
1775434309, 0, 5, 468, 464, 90, 4.91%, 0, 0, 2, 40.65
1775434315, 0, 5, 470, 466, 90, 4.91%, 0, 0, 2, 39.98
1775434320, 0, 5, 472, 468, 90, 4.91%, 0, 0, 2, 41.73
1775434325, 0, 5, 474, 470, 90, 4.91%, 0, 0, 2, 39.72
1775434335, 0, 5, 475, 471, 90, 4.91%, 0, 0, 2, 31.15
1775434340, 0, 5, 478, 474, 90, 4.91%, 0, 0, 2, 30.39
1775434346, 0, 5, 481, 477, 90, 4.91%, 0, 0, 2, 45.08
1775434351, 0, 5, 484, 480, 90, 4.91%, 0, 0, 2, 82.30
1775434356, 0, 5, 486, 482, 90, 4.91%, 0, 0, 2, 59.64
1775434366, 0, 5, 487, 483, 90, 4.91%, 0, 0, 2, 33.79
1775434372, 0, 5, 489, 485, 90, 4.91%, 0, 0, 2, 32.27
1775434377, 0, 5, 492, 488, 90, 4.91%, 0, 0, 2, 31.15
1775434382, 0, 5, 494, 490, 90, 4.91%, 0, 0, 2, 31.82
1775434387, 0, 5, 495, 491, 90, 4.91%, 0, 0, 2, 31.87
1775434398, 0, 5, 496, 492, 90, 4.91%, 0, 0, 2, 32.30
1775434403, 0, 5, 497, 493, 90, 4.91%, 0, 0, 2, 32.35
1775434408, 0, 5, 499, 495, 90, 4.91%, 0, 0, 2, 33.54
1775434413, 0, 5, 503, 499, 90, 4.91%, 0, 0, 2, 33.26
1775434418, 0, 5, 506, 502, 90, 4.91%, 0, 0, 2, 35.96
1775434423, 0, 5, 508, 504, 90, 4.91%, 0, 0, 2, 32.17
1775434429, 0, 5, 509, 505, 90, 4.91%, 0, 0, 2, 31.00
1775434434, 0, 5, 511, 507, 90, 4.91%, 0, 0, 2, 28.63
1775434449, 0, 5, 512, 508, 90, 4.91%, 0, 0, 2, 31.04
1775434454, 0, 5, 513, 509, 90, 4.91%, 0, 0, 2, 31.17
1775434464, 0, 5, 515, 511, 90, 4.91%, 0, 0, 2, 30.54
1775434469, 0, 5, 516, 512, 90, 4.91%, 0, 0, 2, 30.39
1775434474, 0, 5, 518, 514, 90, 4.91%, 0, 0, 2, 41.86
1775434485, 0, 5, 520, 516, 90, 4.91%, 0, 0, 2, 24.03
1775434506, 0, 5, 521, 517, 90, 4.91%, 0, 0, 2, 28.36
1775434532, 0, 5, 522, 518, 90, 4.91%, 0, 0, 2, 30.46
1775434537, 0, 5, 524, 520, 90, 4.91%, 0, 0, 2, 28.20
1775434568, 0, 5, 525, 521, 90, 4.91%, 0, 0, 2, 27.39
1775434595, 0, 5, 527, 523, 90, 4.91%, 0, 0, 2, 27.97
